// listener's C4 decompiler

void main() {
    l_0 = 3;
    l_3 = 1;
    l_4 = 134;
    l_5 = 134;
    l_6 = 1;
    l_7 = 1;
    l_8 = 1;
    l_9 = 134;
    l_A = 1;
    l_B = 12;
    l_C = 12;
    l_F = 0.001;
    l_12 = -1;
    l_13 = "NULL";
    l_18 = 80.0;
    l_19 = 140.0;
    l_1A = 180.0;
    l_1D = 0.0;
    l_21 = -0.0375;
    l_22 = 0.17;
    l_28 = 1;
    l_29 = 65;
    l_2A = 49;
    l_2B = 64;
    l_59 = (0.05 + 0.275) - 0.009999999999999998;
    l_5C = -0.05;
    l_5D = 0.9200000166893;
    l_5E = 1.94;
    l_5F = 2.99;
    l_60 = 3.7;
}